[org/gtk/settings/color-chooser]
selected-color=(true, 0.67450980392156867, 0.62745098039215685, 0.96862745098039216, 1.0)
custom-colors=[(0.67450980392156867, 0.62745098039215685, 0.96862745098039216, 1.0), (0.56862745098039214, 0.56862745098039214, 0.56862745098039214, 1.0), (0.96078431372549022, 0.25882352941176473, 0.83921568627450982, 1.0), (0.67843137254901964, 0.45882352941176469, 0.95686274509803926, 1.0), (0.20392156862745098, 0.59607843137254901, 0.83921568627450982, 1.0), (0.18823529411764706, 0.62352941176470589, 0.65098039215686276, 1.0), (0.1803921568627451, 0.63529411764705879, 0.51372549019607838, 1.0), (0.33725490196078434, 0.63529411764705879, 0.16862745098039217, 1.0)]

[org/gtk/settings/file-chooser]
window-position=(413, 151)
window-size=(1096, 822)
date-format='regular'
location-mode='path-bar'
show-hidden=false
show-size-column=true
show-type-column=true
sidebar-width=156
sort-column='name'
sort-directories-first=false
sort-order='ascending'
type-format='category'
